Severní Království - 201,282,446,244,633,255,707,141,797,210,774,351,778,445,680,526,750,625,620,697,469,787,334,825,114,775,108,564

Železné ostrovy - 161,867,245,866,286,901,258,935,195,955,154,948,132,899

Říční krajiny - 332,822,468,785,484,803,473,855,572,1013,617,1045,616,1050,524,1155,516,1156,363,1073,366,1001,349,949,317,886,314,871

Údolí Arryn - 488,800,552,746,580,732,725,752,778,793,790,874,795,939,697,1015,609,1031,577,1011,477,856

Západní krajiny - 248,946,276,956,344,949,362,999,357,1075,513,1160,154,1240,126,1111,169,1042,225,955

Země koruny - 623,1045,644,1039,692,1038,729,1022,768,988,773,993,759,1043,738,1144,709,1221,558,1203,553,1201,523,1161

Rovina - 151,1245,519,1164,551,1205,568,1210,531,1321,396,1375,392,1381,391,1425,311,1425,253,1566,128,1611,106,1570,124,1452

Bouřlivé krajiny - 573,1209,710,1224,716,1211,743,1226,794,1288,785,1358,763,1408,708,1435,672,1439,544,1403,535,1401,521,1384,459,1398,427,1426,396,1427,398,1379,536,1324

Dorne - 313,1430,429,1430,460,1402,520,1389,534,1406,669,1444,,809,1446,806,1522,701,1618,300,1627,255,1567